version https://git-lfs.github.com/spec/v1
oid sha256:0b0665eb8f613508bef61fe0c51bbd301d5484286492a1ada33ee2e5dcf574e0
size 940052
